1 |The First Night|Shalman|Musa and 0 127 1
12132 231 1232 1231 12321 1232 23 0
0 192935488 247 0 1232 23 0 0
0 192935488 247 0 1232 23 0 0
0 192935488 247 0 1232 23 0 0
0 192935488 247 0 1232 23 0 0
0 192935488 247 0 1232 23 0 0
0 192935488 247 0 1232 23 0 0
0 192935488 247 0 1232 23 0 0
0 192935488 247 0 1232 23 0 0
0 192935488 247 0 1232 23 0 0
0 192935488 247 0 1232 23 0 0
0 192935488 247 0 1232 23 0 0
0 192935488 247 0 1232 23 0 0
0 192935488 247 0 1232 23 0 0
0 192935488 247 0 1232 23 0 0
0 192935488 247 0 1232 23 0 0
0 192935488 247 0 1232 23 0 0
0 192935488 247 0 1232 23 0 0
0 192935488 247 0 1232 23 0 0
0 192935488 247 0 1232 23 0 0
0 192935488 247 0 1232 23 0 0
0 192935488 247 0 1232 23 0 0
0 192935488 247 0 1232 23 0 0
0 192935488 247 0 1232 23 0 0
0 192935488 247 0 1232 23 0 0
0 192935488 247 0 1232 23 0 0
0 192935488 247 0 1232 23 0 0
0 192935488 247 0 1232 23 0 0
0 192935488 247 0 1232 23 0 0
0 192935488 247 0 1232 23 0 0
0 192935488 247 0 1232 23 0 0
0 192935488 247 0 1232 23 0 0
0 192935488 247 0 1232 23 0 0
0 192935488 247 0 1232 23 0 0
0 192935488 247 0 1232 23 0 0
0 192935488 247 0 1232 23 0 0
0 192935488 247 0 1232 23 0 0
0 192935488 247 0 1232 23 0 0
0 192935488 247 0 1232 23 0 0
0 192935488 247 0 1232 23 0 0
0 192935488 247 0 1232 23 0 0
0 192935488 247 0 1232 23 0 0
0 192935488 247 0 1232 23 0 0
0 192935488 247 0 1232 23 0 0
0 192935488 247 0 1232 23 0 0
0 192935488 247 0 1232 23 0 0
0 192935488 247 0 1232 23 0 0
0 192935488 247 0 1232 23 0 0
0 192935488 247 0 1232 23 0 0
0 192935488 247 0 1232 23 0 0
0 192935488 247 0 1232 23 0 0
0 192935488 247 0 1232 23 0 0
0 192935488 247 0 1232 23 0 0
0 192935488 247 0 1232 23 0 0
0 192935488 247 0 1232 23 0 0
0 192935488 247 0 1232 23 0 0
0 192935488 247 0 1232 23 0 0
0 192935488 247 0 1232 23 0 0
0 192935488 247 0 1232 23 0 0
0 192935488 247 0 1232 23 0 0
0 192935488 247 0 1232 23 0 0
0 192935488 247 0 1232 23 0 0
0 192935488 247 0 1232 23 0 0
0 192935488 247 0 1232 23 0 0
0 192935488 247 0 1232 23 0 0
0 192935488 247 0 1232 23 0 0
0 192935488 247 0 1232 23 0 0
0 192935488 247 0 1232 23 0 0
0 192935488 247 0 1232 23 0 0
0 192935488 247 0 1232 23 0 0
0 192935488 247 0 1232 23 0 0
0 192935488 247 0 1232 23 0 0
0 192935488 247 0 1232 23 0 0
0 192935488 247 0 1232 23 0 0
0 192935488 247 0 1232 23 0 0
0 192935488 247 0 1232 23 0 0
0 192935488 247 0 1232 23 0 0
0 192935488 247 0 1232 23 0 0
0 192935488 247 0 1232 23 0 0
0 192935488 247 0 1232 23 0 0
0 192935488 247 0 1232 23 0 0
0 192935488 247 0 1232 23 0 0
0 192935488 247 0 1232 23 0 0
0 192935488 247 0 1232 23 0 0
0 192935488 247 0 1232 23 0 0
0 192935488 247 0 1232 23 0 0
0 192935488 247 0 1232 23 0 0
0 192935488 247 0 1232 23 0 0
0 192935488 247 0 1232 23 0 0
0 192935488 247 0 1232 23 0 0
0 192935488 247 0 1232 23 0 0
0 192935488 247 0 1232 23 0 0
0 192935488 247 0 1232 23 0 0
0 192935488 247 0 1232 23 0 0
0 192935488 247 0 1232 23 0 0
0 192935488 247 0 1232 23 0 0
0 192935488 247 0 1232 23 0 0
0 192935488 247 0 1232 23 0 0
0 192935488 247 0 1232 23 0 0
0 192935488 247 0 1232 23 0 0
0 192935488 247 0 1232 23 0 0
0 192935488 247 0 1232 23 0 0
0 192935488 247 0 1232 23 0 0
0 192935488 247 0 1232 23 0 0
0 192935488 247 0 1232 23 0 0
0 192935488 247 0 1232 23 0 0
0 192935488 247 0 1232 23 0 0
0 192935488 247 0 1232 23 0 0
0 192935488 247 0 1232 23 0 0
0 192935488 247 0 1232 23 0 0
0 192935488 247 0 1232 23 0 0
0 192935488 247 0 1232 23 0 0
0 192935488 247 0 1232 23 0 0
0 192935488 247 0 1232 23 0 0
0 192935488 247 0 1232 23 0 0
0 192935488 247 0 1232 23 0 0
0 192935488 247 0 1232 23 0 0
0 192935488 247 0 1232 23 0 0
0 192935488 247 0 1232 23 0 0
0 192935488 247 0 1232 23 0 0
0 192935488 247 0 1232 23 0 0
0 192935488 247 0 1232 23 0 0
0 192935488 247 0 1232 23 0 0
0 192935488 247 0 1232 23 0 0
0 192935488 247 0 1232 23 0 0
0 192935488 247 0 1232 23 0 0
0 192935488 247 0 1232 23 0 0
0 192935488 247 0 1232 23 0 0
0 192935488 247 0 1232 23 0 0
0 192935488 247 0 1232 23 0 0
0 192935488 247 0 1232 23 0 0
0 192935488 247 0 1232 23 0 0
0 192935488 247 0 1232 23 0 0
0 192935488 247 0 1232 23 0 0
0 192935488 247 0 1232 23 0 0
0 192935488 247 0 1232 23 0 0
0 192935488 247 0 1232 23 0 0
0 192935488 247 0 1232 23 0 0
0 192935488 247 0 1232 23 0 0
0 192935488 247 0 1232 23 0 0
0 192935488 247 0 1232 23 0 0
0 192935488 247 0 1232 23 0 0
0 192935488 247 0 1232 23 0 0
0 192935488 247 0 1232 23 0 0
0 192935488 247 0 1232 23 0 0
0 192935488 247 0 1232 23 0 0
0 192935488 247 0 1232 23 0 0
0 192935488 247 0 1232 23 0 0
0 192935488 247 0 1232 23 0 0
0 192935488 247 0 1232 23 0 0
0 192935488 247 0 1232 23 0 0
0 192935488 247 0 1232 23 0 0
0 192935488 247 0 1232 23 0 0
0 192935488 247 0 1232 23 0 0
0 192935488 247 0 1232 23 0 0
0 192935488 247 0 1232 23 0 0
0 192935488 247 0 1232 23 0 0
0 192935488 247 0 1232 23 0 0
0 192935488 247 0 1232 23 0 0
0 192935488 247 0 1232 23 0 0
0 192935488 247 0 1232 23 0 0
0 192935488 247 0 1232 23 0 0
0 192935488 247 0 1232 23 0 0
0 192935488 247 0 1232 23 0 0
0 192935488 247 0 1232 23 0 0
0 192935488 247 0 1232 23 0 0
0 192935488 247 0 1232 23 0 0
0 192935488 247 0 1232 23 0 0
0 192935488 247 0 1232 23 0 0
0 192935488 247 0 1232 23 0 0
0 192935488 247 0 1232 23 0 0
0 192935488 247 0 1232 23 0 0
0 192935488 247 0 1232 23 0 0
0 192935488 247 0 1232 23 0 0
0 192935488 247 0 1232 23 0 0
0 192935488 247 0 1232 23 0 0
0 192935488 247 0 1232 23 0 0
0 192935488 247 0 1232 23 0 0
0 192935488 247 0 1232 23 0 0
0 192935488 247 0 1232 23 0 0
0 192935488 247 0 1232 23 0 0
0 192935488 247 0 1232 23 0 0
0 192935488 247 0 1232 23 0 0
0 192935488 247 0 1232 23 0 0
0 192935488 247 0 1232 23 0 0
0 192935488 247 0 1232 23 0 0
0 192935488 247 0 1232 23 0 0
1 Musa shalman amzad 4556 2 2023 0
